0,11.0,0.0
1,9.0,0.0
2,6.0,0.0
3,9.0,0.0
4,6.0,0.0
5,4.0,0.0
6,7.0,0.0
7,8.0,1.0
8,10.0,0.0
9,7.0,0.0
10,8.0,6.0
11,7.0,0.0
12,13.0,9.0
13,7.0,3.0
14,10.0,5.0
15,11.0,4.0
16,3.0,1.0
17,3.0,0.0
18,4.0,0.0
19,7.0,0.0
20,9.0,1.0
21,11.0,7.0
22,11.0,3.0
23,7.0,1.0
24,6.0,0.0
25,9.0,0.0
26,9.0,0.0
27,5.0,0.0
28,7.0,0.0
29,8.0,3.0
30,5.0,0.0
31,7.0,8.0
32,12.0,5.0
33,6.0,1.0
34,12.0,46.0
35,8.0,8.0
36,4.0,0.0
37,6.0,0.0
38,7.0,0.0
39,6.0,0.0
40,10.0,0.0
41,10.0,0.0
42,10.0,0.0
43,8.0,14.0
44,4.0,0.0
45,6.0,0.0
46,8.0,15.0
47,7.0,0.0
48,5.0,0.0
49,6.0,0.0
50,7.0,0.0
51,6.0,0.0
52,11.0,5.0
53,11.0,3.0
54,12.0,2.0
55,9.0,0.0
56,4.0,0.0
57,11.0,0.0
58,10.0,0.0
59,7.0,0.0
60,5.0,0.0
61,7.0,2.0
62,13.0,2.0
63,5.0,0.0
64,10.0,0.0
65,5.0,0.0
66,9.0,0.0
67,8.0,1.0
68,9.0,5.0
69,7.0,4.0
70,8.0,0.0
71,9.0,4.0
72,5.0,1.0
73,8.0,0.0
74,12.0,23.0
75,6.0,0.0
76,8.0,0.0
77,4.0,0.0
78,9.0,0.0
79,12.0,30.0
80,6.0,0.0
81,8.0,1.0
82,10.0,0.0
83,4.0,1.0
84,10.0,0.0
85,4.0,0.0
86,9.0,0.0
87,8.0,0.0
88,5.0,2.0
89,10.0,13.0
90,11.0,4.0
91,6.0,0.0
92,7.0,0.0
93,14.0,0.0
94,10.0,2.0
95,8.0,1.0
96,7.0,4.0
