0.0,0,-10.0
0.0,1,-10.0
0.0,2,-11.0
0.0,3,-10.0
0.0,4,-6.0
0.0,5,-7.0
0.0,6,-7.0
0.0,7,-9.0
0.0,8,-13.0
0.0,9,-10.0
0.0,10,-5.0
0.0,11,-7.0
0.0,12,-8.0
0.0,13,-9.0
0.0,14,-6.0
0.0,15,-7.0
0.0,16,-7.0
0.0,17,-12.0
0.0,18,-10.0
0.0,19,-8.0
0.0,20,-8.0
0.0,21,-10.0
0.0,22,-6.0
0.0,23,-9.0
0.0,24,-10.0
0.0,25,-11.0
0.0,26,-12.0
0.0,27,-7.0
0.0,28,-8.0
0.0,29,-11.0
0.25,0,-2.0
0.25,1,-8.0
0.25,2,-7.0
0.25,3,-4.0
0.25,4,-6.0
0.25,5,-10.0
0.25,6,-7.0
0.25,7,-3.0
0.25,8,-8.0
0.25,9,-6.0
0.25,10,-3.0
0.25,11,-10.0
0.25,12,-6.0
0.25,13,-9.0
0.25,14,-8.0
0.25,15,-6.0
0.25,16,-6.0
0.25,17,-3.0
0.25,18,-6.0
0.25,19,-12.0
0.25,20,-6.0
0.25,21,-4.0
0.25,22,-9.0
0.25,23,-8.0
0.25,24,-9.0
0.25,25,-6.0
0.25,26,-6.0
0.25,27,-8.0
0.25,28,-4.0
0.25,29,-6.0
0.5,0,-0.0
0.5,1,-6.0
0.5,2,-6.0
0.5,3,-5.0
0.5,4,-4.0
0.5,5,-3.0
0.5,6,-1.0
0.5,7,-4.0
0.5,8,-3.0
0.5,9,-6.0
0.5,10,-4.0
0.5,11,-5.0
0.5,12,-3.0
0.5,13,-1.0
0.5,14,-4.0
0.5,15,-2.0
0.5,16,-5.0
0.5,17,-7.0
0.5,18,-2.0
0.5,19,-6.0
0.5,20,-2.0
0.5,21,-6.0
0.5,22,-3.0
0.5,23,-4.0
0.5,24,-1.0
0.5,25,-2.0
0.5,26,-6.0
0.5,27,-4.0
0.5,28,-4.0
0.5,29,-6.0
0.75,0,-5.0
0.75,1,-2.0
0.75,2,-1.0
0.75,3,-2.0
0.75,4,-3.0
0.75,5,-1.0
0.75,6,-4.0
0.75,7,-3.0
0.75,8,-3.0
0.75,9,-2.0
0.75,10,-2.0
0.75,11,-1.0
0.75,12,-0.0
0.75,13,-0.0
0.75,14,-2.0
0.75,15,-1.0
0.75,16,-3.0
0.75,17,-3.0
0.75,18,-4.0
0.75,19,-4.0
0.75,20,-1.0
0.75,21,-3.0
0.75,22,-2.0
0.75,23,-3.0
0.75,24,-3.0
0.75,25,-3.0
0.75,26,-2.0
0.75,27,-3.0
0.75,28,-3.0
0.75,29,-2.0
1.0,0,-0.0
1.0,1,-0.0
1.0,2,-0.0
1.0,3,-0.0
1.0,4,-0.0
1.0,5,-0.0
1.0,6,-0.0
1.0,7,-0.0
1.0,8,-0.0
1.0,9,-0.0
1.0,10,-0.0
1.0,11,-0.0
1.0,12,-0.0
1.0,13,-0.0
1.0,14,-0.0
1.0,15,-0.0
1.0,16,-0.0
1.0,17,-0.0
1.0,18,-0.0
1.0,19,-0.0
1.0,20,-0.0
1.0,21,-0.0
1.0,22,-0.0
1.0,23,-0.0
1.0,24,-0.0
1.0,25,-0.0
1.0,26,-0.0
1.0,27,-0.0
1.0,28,-0.0
1.0,29,-0.0
